1,1,1,1,1,1,1,1,1,1,1,1,1,1,1,1,1,1,1,1,1,1,1,1,1,1,1,1,
1,2,2,2,2,2,2,2,2,2,2,2,2,1,1,2,2,2,2,2,2,2,2,2,2,2,2,1,
1,2,1,1,1,1,2,1,1,1,1,1,2,1,1,2,1,1,1,1,1,2,1,1,1,1,2,1,
1,3,1,0,0,1,2,1,0,0,0,1,2,1,1,2,1,0,0,0,1,2,1,0,0,1,3,1,
1,2,1,1,1,1,2,1,1,1,1,1,2,1,1,2,1,1,1,1,1,2,1,1,1,1,2,1,
1,2,2,2,2,2,2,2,2,2,2,2,2,2,2,2,2,2,2,2,2,2,2,2,2,2,2,1,
1,2,1,1,1,1,2,1,1,2,1,1,1,1,1,1,1,1,2,1,1,2,1,1,1,1,2,1,
1,2,1,1,1,1,2,1,1,2,1,1,1,1,1,1,1,1,2,1,1,2,1,1,1,1,2,1,
1,2,2,2,2,2,2,1,1,2,2,2,2,1,1,2,2,2,2,1,1,2,2,2,2,2,2,1,
1,1,1,1,1,1,2,1,1,1,1,1,0,1,1,0,1,1,1,1,1,2,1,1,1,1,1,1,
0,0,0,0,0,1,2,1,1,1,1,1,0,1,1,0,1,1,1,1,1,2,1,0,0,0,0,0,
0,0,0,0,0,1,2,1,1,0,0,0,0,0,0,0,0,0,0,1,1,2,1,0,0,0,0,0,
0,0,0,0,0,1,2,1,1,0,1,1,1,5,5,1,1,1,0,1,1,2,1,0,0,0,0,0,
1,1,1,1,1,1,2,1,1,0,1,0,0,0,0,0,0,1,0,1,1,2,1,1,1,1,1,1,
0,0,0,0,0,0,2,0,0,0,1,0,4,4,4,4,0,1,0,0,0,2,0,0,0,0,0,0,
1,1,1,1,1,1,2,1,1,0,1,0,0,0,0,0,0,1,0,1,1,2,1,1,1,1,1,1,
0,0,0,0,0,1,2,1,1,0,1,1,1,1,1,1,1,1,0,1,1,2,1,0,0,0,0,0,
0,0,0,0,0,1,2,1,1,0,0,0,0,0,0,0,0,0,0,1,1,2,1,0,0,0,0,0,
0,0,0,0,0,1,2,1,1,0,1,1,1,1,1,1,1,1,0,1,1,2,1,0,0,0,0,0,
1,1,1,1,1,1,2,1,1,0,1,1,1,1,1,1,1,1,0,1,1,2,1,1,1,1,1,1,
1,2,2,2,2,2,2,2,2,2,2,2,2,1,1,2,2,2,2,2,2,2,2,2,2,2,2,1,
1,2,1,1,1,1,2,1,1,1,1,1,2,1,1,2,1,1,1,1,1,2,1,1,1,1,2,1,
1,3,1,1,1,1,2,1,1,1,1,1,2,1,1,2,1,1,1,1,1,2,1,1,1,1,3,1,
1,2,2,2,1,1,2,2,2,2,2,2,2,0,6,2,2,2,2,2,2,2,1,1,2,2,2,1,
1,1,1,2,1,1,2,1,1,2,1,1,1,1,1,1,1,1,2,1,1,2,1,1,2,1,1,1,
1,1,1,2,1,1,2,1,1,2,1,1,1,1,1,1,1,1,2,1,1,2,1,1,2,1,1,1,
1,2,2,2,2,2,2,1,1,2,2,2,2,1,1,2,2,2,2,1,1,2,2,2,2,2,2,1,
1,2,1,1,1,1,1,1,1,1,1,1,2,1,1,2,1,1,1,1,1,1,1,1,1,1,2,1,
1,2,1,1,1,1,1,1,1,1,1,1,2,1,1,2,1,1,1,1,1,1,1,1,1,1,2,1,
1,2,2,2,2,2,2,2,2,2,2,2,2,2,2,2,2,2,2,2,2,2,2,2,2,2,2,1,
1,1,1,1,1,1,1,1,1,1,1,1,1,1,1,1,1,1,1,1,1,1,1,1,1,1,1,1,